38,33,35,91,62,74,57,54,15,73,64,61,65,32,25,19,21,39,58,26,79
46,62,56,61,35,88,74
24,17,55,67,42,16,58
16,39,24,25,28,17,98,41,64,21,29,42,13,79,61,19,14,58,67,94,32
34,56,97,37,38,33,35,91,62,54,15,73,64,42,65,32,17
37,46,38,33,91,62,74,57,54,15,73,64,61,42,65,32,17,25,19,41,21,39,58
65,32,17,25,41,21,39,58,26,79,94,13,16,28,14,98,23,29,84,55,87
17,25,41,21,58,79,94,13,16,14,98,67,29,55,76
29,21,25,19,98,94,42,28,26,17,24,55,67,79,39,14,32,23,84,58,13,41,65
32,42,21,39,79,13,41,94,28
98,67,23,24,29,84,55,87,75,44,95,34,97,11,37,38,91
33,94,54,32,42,62,19
13,95,28,44,24,76,79,39,84,29,98,87,19
41,21,39,58,26,79,94,13,16,28,14,98,67,23,24,29,84,55,75,76,44,95,34
58,61,21,13,84,42,79,26,65,14,94,41,23,29,39
57,15,32,25,21,65,39,79,58,19,73,91,54,26,64,17,61,42,35,33,74
91,29,75,46,55,11,76,35,84,97,24,95,74,57,33,38,62
73,55,91,11,33,87,54
55,24,14,16,23,94,44,98,34,29,76,87,28,84,79,97,95,11,27,26,56
67,24,55,95,56,27,97,11,88,37,46,38,35,91,62
16,28,75,21,24,95,84,29,19,44,67,76,87,98,14
17,25,19,41,21,39,58,79,94,13,16,14,98,67,23,24,84,55,87,75,76
21,39,26,79,94,13,16,14,98,67,23,24,84,75,76,44,95,34,56
97,11,88,46,38,33,35,91,62,74,57,54,15,73,64,61,42,65,32,17,25,19,41
75,95,27,11,88,37,46,35,91,62,74,57,54,15,73,64,61
32,17,25,19,41,21,39,58,26,79,94,13,16,14,98,67,23,24,29,84,55,87,75
91,57,15,61,42,17,25,41,21
95,56,97,11,37,46,38,33,35,91,62,74,57,54,15,73,42,65,32
38,35,54,88,15,19,39,46,64,65,21,57,73,17,91
29,84,76,97,37,91,54
98,67,29,84,55,87,75,76,44,95,34,56,27,97,88,37,46,38,33,35,91
54,15,73,64,65,32,17,25,19,41,21,39,58,26,16,98,67
94,13,16,28,98,67,23,29,84,55,87,75,76,44,95,34,56,27,37
13,16,28,14,98,67,23,24,84,55,87,76,44,56,27,97,11,37,46
32,21,94,13,28,24,87
16,14,76,44,97,46,38
88,25,62,19,65,15,32,57,46,54,39,38,91,42,37,41,35
95,56,11,88,46,33,91,62,74,57,54,15,73,64,61,42,32
75,95,56,27,97,37,46,33,35,91,62,57,54,73,61
29,84,55,87,44,95,34,27,11,88,37,46,38,62,54
27,11,91,61,65,32,17
76,44,95,34,56,27,97,88,37,46,38,33,91,62,74,57,54,15,73,61,42
54,73,64,61,65,32,25,19,41,21,39,58,94,13,16,98,67
28,23,84,76,44,88,37,46,33
14,84,55,87,44,88,35
57,11,56,84,75,35,33,54,15,27,95,34,55
61,46,38,91,73,11,17,64,65,74,35,57,37,34,32
14,23,24,29,84,55,75,76,95,34,56,27,97,88,37,46,38,33,35
91,33,15,62,64,41,17,32,54,42,25,65,35,61,88,38,74,37,57,97,73
27,97,33,62,74,54,64,65,19
44,34,88,37,54,64,65
16,56,44,26,14,76,34,94,28,75,27,95,67,98,23,79,87,97,58
42,21,32,94,41,79,26,25,57,65,33,62,54,15,91,74,35
62,54,19,39,16
97,61,44,54,62,95,56,46,27,37,34,57,88,38,91
61,65,17,25,19,94,13,28,84
35,64,32,42,37,65,25,57,33,73,17,11,46,19,54,62,88,41,38
73,25,61,42,17,41,62,35,88,65,54
87,76,44,95,56,11,88,37,46,33,91,62,15,73,64
54,15,39,62,21,32,61,46,41,74,33
76,95,34,88,37,46,33,35,62,57,54,15,64,61,42
25,57,65,37,17,56,15
21,58,26,16,14,67,29,84,76,44,56
74,57,54,15,73,64,61,42,65,32,17,25,19,41,39,58,26,79,94,13,16,28,14
23,24,84,55,76,95,27,97,11,88,37,46,38,35,91,62,74
26,73,21,25,35,54,74,17,64,94,62
16,61,19,23,65,32,25,39,15
32,25,19,41,21,58,26,94,13,16,14,98,67,23,24,29,84,55,75
34,55,95,75,57,56,97,38,11,84,29,76,91,37,74,87,62,24,27,33,35
21,55,25,67,17,16,29,19,98,58,24,32,26,87,84,75,23,41,14
61,28,94,14,25,79,65,98,41,67,26,21,13,24,19,32,58,29,39,84,42
42,32,17,25,19,41,21,58,94,13,28,14,98,67,23,24,29
32,26,87,21,39,41,79,55,98,67,24,17,16,75,28
84,21,28,67,87,29,76,79,95,41,14,55,39,23,26,44,13,16,94,98,24
39,79,94,13,28,98,67,23,24,29,84,55,87,75,76,95,34,56,27
34,15,57,76,91,75,37,38,54,55,27,44,33,46,88,87,62,73,11
55,87,75,76,95,34,27,97,11,88,38,35,91,74,57,54,73
97,37,38,62,74,57,15,73,64,42,17,25,41
95,34,56,97,11,88,37,46,33,35,91,74,57,15,73,64,61,65,32
21,58,26,13,16,28,14,98,67,23,24,29,84,87,76,44,95,34,56
97,98,11,38,87,23,16
26,19,84,76,58,79,94,25,23,28,98,87,41,39,75,13,44
95,34,56,27,97,11,88,37,46,38,91,62,74,57,15,64,61,42,65
75,44,95,34,56,11,88,37,35,73,64
15,73,64,61,42,32,17,25,19,21,39,58,26,79,94,13,16,28,14,98,23
79,13,16,14,98,23,24,29,84,55,87,75,76,95,34,56,11
94,13,16,28,98,24,29,84,55,87,75,76,95,34,27,97,11
94,98,67,76,56,97,37
19,21,39,13,16,23,24,29,84,55,75,76,95
54,65,32,17,25,26,79,13,16,14,67
27,91,74,57,65,17,19
38,33,35,91,62,54,15,64,61,42,65,32,17,25,19,41,21,39,79
16,28,23,24,55,87,44,34,56,27,97,11,37,46,38
54,15,44,74,65,38,95,62,73,64,42,33,34
16,14,98,67,24,29,55,87,75,76,44,97,11,88,37,46,38
73,57,42,54,27,33,11,17,37,64,65,62,97
91,57,54,15,73,64,42,65,17,25,19,21,39,26,79,94,16
41,39,58,26,79,94,13,16,28,14,98,67,23,24,29,84,55,87,75,76,44,95,34
28,14,98,67,23,24,29,84,55,87,75,76,44,95,34,56,27,11,88,37,46,38,33
46,33,74,88,64,62,27,37,65,38,44
61,42,65,32,17,25,19,41,39,58,26,79,94,13,16,28,98,67,24,29,84
64,14,39,32,61,28,57,13,25,16,17,65,94,58,21,41,19,79,98,15,73,26,54
91,46,65,26,19,74,41
23,24,29,84,55,87,75,76,44,95,34,56,27,11,37,46,38,33,35,62,74
64,61,42,65,32,17,25,19,41,21,39,58,26,79,94,13,16,28,14,98,67,24,29
19,21,13,16,23,75,95
37,46,15,73,64,61,32
87,97,46,38,57
38,57,46,75,29,91,56,97,11,55,84,27,76,37,54,87,44,74,95
73,61,42,65,32,39,24
24,29,84,55,75,95,34,56,27,97,11,88,37,46,33,91,62,74,57
79,94,28,98,67,23,24,84,55,87,76,95,34,56,88
33,27,62,64,61,88,95,97,54,74,56
98,46,97,16,88,95,56,14,13
15,17,61,73,88,41,19,25,37,62,64,35,54,65,33,11,46,57,97
13,14,23,87,95,27,11
55,13,25,79,29,14,42,94,84,39,24,67,19
88,29,34,67,28,23,79,87,24
41,21,39,58,26,79,94,13,16,14,98,67,23,24,29,84,55,87,75,76,44,95,34
16,65,17,19,25
64,97,25,57,35,54,74,19,46,65,17,32,11,91,61,15,62,73,41,42,33,88,38
65,32,17,25,39,58,26,14,98,23,29,84,87
57,55,95,56,76,62,75,15,74,27,88,73,54,87,37,46,38
17,11,46,25,21,91,73
67,87,75,76,34,46,35,91,62
57,37,33,65,42,61,58,39,17,41,64,21,15,32,46,25,19,35,73,91,62
17,28,39,58,19,32,24,41,13,14,23,26,29,98,16,84,42
21,67,23,41,64,98,13,17,16,24,32,73,14,26,19
55,16,95,21,56,26,94,79,58
76,44,33,91,74
55,87,75,44,34,27,88,37,33,91,62,74,54,15,73
39,41,54,88,19,62,61
42,64,21,79,17,25,98,57,39,41,28,54,61,94,15,32,19,58,14,13,73
65,95,61,42,73,34,38,56,64,54,44
25,64,28,39,16,62,32
21,39,58,79,13,16,24,84,95,34,56
34,97,88,91,62,74,54,15,73,61,17
73,46,54,88,74,61,15,33,11,62,65,37,41,42,17,38,21,19,57,32,25,35,64
91,54,15,73,64,61,42,65,17,19,21,39,79
75,76,56,27,97,11,37,38,35,91,57,15,61
41,21,39,26,94,13,16,28,14,98,67,23,29,84,55,87,75,76,44,95,34
28,14,67,23,29,84,55,87,75,76,95,34,27,97,11,88,46,38,33
95,97,46,91,62,74,57,73,61,65,32
94,13,16,28,14,98,67,23,24,29,55,87,75,76,44,95,34,56,27,97,11,88,37
67,24,29,84,95,56,11,88,37,46,33,35,91
37,46,38,33,62,74,57,15,73,61,42,19,58
19,21,39,58,79,13,98,76,95
27,79,94,24,87,75,88,55,14
91,88,29,34,98,75,56,23,97,33,95,84,27,46,67,44,87,38,76,37,35
79,16,28,98,23,84,75,97,88
23,13,39,28,76,16,56,26,98,44,34,87,84,29,58,79,27
37,46,38,33,35,91,74,57,54,15,64,42,65,32,17,25,19,41,21,39,58
33,97,76,14,29,98,28,34,56,27,87,38,88,24,23,11,46
28,23,55,87,76,34,56,11,88,37,46,38,33
62,74,73,64,61,42,65,41,21,39,79,94,28
62,74,57,54,15,64,61,42,65,32,17,25,21,39,58,26,79,94,13,16,28
26,79,16,28,14,24,84,87,76,95,11
67,23,24,84,55,87,75,44,34,46,33,91,62
41,21,39,58,26,79,94,13,28,14,98,67,23,24,29,84,87,75,76,44,34
16,67,24,29,55,34,11
27,98,37,91,55,44,95
91,62,74,57,15,73,64,61,42,17,19,41,39,26,94,13,16
26,98,29,84,55,95,27
55,87,76,44,95,34,56,27,97,88,38,33,35,91,62
54,91,42,79,57,62,35
26,79,13,14,98,67,24,84,55,75,44,95,34,97,11
28,98,19,26,39,75,84,32,67,29,55,24,17,41,23
33,35,91,62,57,54,15,73,64,61,42,65,32,17,25,19,41,21,39,58,26,79,94
15,98,42,65,64,17,94,28,58,39,57,32,25,41,73,19,16
16,98,67,23,29,84,55,87,75,44,95,34,56,27,11,88,37,46,38
17,73,56,42,11,34,37,46,61,97,54
29,84,75,56,37,62,54
37,46,38,33,35,62,74,57,54,15,73,64,61,42,65,32,17,25,19,41,21,39,58
91,21,13,41,64,57,15,42,26,79,19,65,32,54,35,25,94,39,62,73,58,17,74
62,74,54,15,42,65,17,25,19,41,39,16,28
91,62,74,57,64,42,65,32,19,21,39,26,79,94,16
75,88,46,76,11,38,67,95,33,91,97,23,56,44,34,62,87,84,29
73,16,79,67,26,65,21,94,64,28,61,39,58,19,15
33,35,91,62,74,57,73,65,25,19,41,21,94
75,76,44,95,34,56,27,97,11,88,46,38,35,91,62,54,73,64,61
41,21,94,13,14,67,23,84,55,87,75,44,34
65,25,28,98,87
16,28,14,98,29,55,87,75,97,37,38
55,76,95,97,88,37,38,35,62,57,15
17,25,19,41,21,39,58,26,79,94,13,16,28,14,98,23,24,29,84,55,87,75,76
65,25,41,21,39,79,94,14,67,24,84,55,87
61,19,13,14,29
24,29,84,87,75,95,34,11,37,46,35,91,62,74,57
34,56,27,97,88,37,46,33,91,62,74,57,54,15,73,64,61,42,65,32,17
15,64,42,32,17,25,41,21,39,58,26,79,94,13,16,28,67
21,58,16,14,84,87,75
46,33,35,62,54,73,65,17,25,39,26
56,97,37,46,38,35,91,62,57,54,15,61,65,32,17
19,15,79,98,64,21,16,67,42,73,17,13,26,28,41